1.0
17 0 0 0.0 0 
17 15 0 0.0 0 
17 0 15 0.0 0 
17 0 30 0.0 0 
17 0 45 0.0 0 
17 30 0 0.0 0 
15 15 15 0.0 0 
14 30 15 0.0 0 
14 15 30 0.0 1 
14 15 45 0.0 1 
17 30 45 0.0 1 
17 30 30 0.0 1 
17 45 30 0.0 1 
17 45 45 0.0 1 
17 45 0 0.0 1 
17 60 0 0.0 1 
14 45 15 0.0 2 
16 60 15 0.0 3 
14 60 30 0.0 3 
14 75 15 0.0 0 
17 75 0 0.0 0 
17 90 0 0.0 0 
20 75 30 0.0 0 
14 75 45 0.0 0 
14 90 30 0.0 1 
17 75 60 0.0 1 
17 105 30 0.0 1 
17 105 0 0.0 1 
17 120 0 0.0 1 
17 135 0 0.0 1 
16 60 45 0.0 0 
15 90 15 0.0 3 
17 105 15 0.0 3 
17 120 30 0.0 3 
17 120 15 0.0 3 
17 90 60 0.0 3 
16 90 45 0.0 1 
17 0 60 0.0 1 
17 0 75 0.0 1 
17 0 90 0.0 1 
17 0 105 0.0 1 
17 45 60 0.0 1 
17 30 60 0.0 1 
17 75 75 0.0 1 
17 90 75 0.0 1 
18 135 45 0.0 0 
14 105 45 0.0 0 
16 120 45 0.0 3 
17 105 60 0.0 3 
17 105 75 0.0 3 
17 135 30 0.0 3 
17 150 30 0.0 3 
17 150 60 0.0 3 
17 135 60 0.0 3 
14 120 60 0.0 3 
14 60 60 0.0 3 
14 15 60 0.0 3 
16 15 75 0.0 0 
14 30 75 0.0 0 
14 45 75 0.0 0 
16 60 75 0.0 2 
22 30 90 0.0 2 
14 15 90 0.0 3 
14 15 105 0.0 3 
14 30 120 0.0 0 
14 45 120 0.0 0 
21 225 45 0.0 0 
13 60 120 0.0 0 
14 60 105 0.0 1 
14 60 90 0.0 1 
17 75 90 0.0 1 
17 75 105 0.0 1 
16 15 120 0.0 0 
17 0 120 0.0 0 
17 0 135 0.0 0 
17 0 150 0.0 0 
17 0 165 0.0 0 
17 30 135 0.0 0 
17 45 135 0.0 0 
17 45 150 0.0 0 
17 30 150 0.0 0 
14 15 135 0.0 1 
14 15 150 0.0 1 
15 15 165 0.0 1 
16 30 165 0.0 3 
16 45 165 0.0 3 
15 60 165 0.0 2 
14 60 150 0.0 3 
14 60 135 0.0 3 
14 30 180 0.0 3 
14 30 195 0.0 3 
14 30 210 0.0 3 
14 30 225 0.0 3 
14 45 180 0.0 1 
14 45 195 0.0 1 
14 45 210 0.0 1 
14 45 225 0.0 1 
14 45 240 0.0 1 
14 45 255 0.0 1 
14 30 255 0.0 3 
14 30 240 0.0 3 
13 45 270 0.0 3 
13 45 285 0.0 3 
16 30 270 0.0 0 
16 30 285 0.0 0 
14 30 300 0.0 3 
14 30 315 0.0 3 
14 30 330 0.0 3 
14 45 330 0.0 1 
14 45 315 0.0 1 
14 45 300 0.0 1 
14 60 270 0.0 0 
14 75 270 0.0 0 
14 90 270 0.0 0 
14 105 270 0.0 0 
14 105 285 0.0 2 
14 90 285 0.0 2 
14 75 285 0.0 2 
14 60 285 0.0 2 
19 60 300 0.0 2 
19 60 240 0.0 2 
19 90 240 0.0 2 
19 90 300 0.0 2 
19 0 300 0.0 2 
19 0 270 0.0 2 
19 0 240 0.0 2 
19 0 210 0.0 2 
19 0 180 0.0 2 
19 60 180 0.0 2 
19 60 210 0.0 2 
17 75 165 0.0 2 
17 75 150 0.0 2 
17 75 135 0.0 2 
14 75 120 0.0 2 
17 150 75 0.0 2 
17 135 75 0.0 2 
14 165 60 0.0 3 
14 165 75 0.0 3 
14 120 75 0.0 3 
18 90 120 0.0 0 
13 120 120 0.0 0 
14 120 105 0.0 1 
14 120 90 0.0 1 
17 105 105 0.0 1 
17 105 90 0.0 1 
17 90 90 0.0 1 
17 90 105 0.0 1 
17 90 135 0.0 1 
17 105 135 0.0 1 
17 135 105 0.0 1 
17 135 90 0.0 1 
17 150 90 0.0 1 
17 150 105 0.0 1 
16 120 270 0.0 1 
15 120 255 0.0 0 
14 135 255 0.0 0 
14 135 270 0.0 0 
14 150 270 0.0 0 
14 150 255 0.0 0 
15 165 255 0.0 3 
16 165 270 0.0 1 
21 120 195 0.0 1 
14 165 180 0.0 0 
14 150 180 0.0 0 
14 135 180 0.0 0 
15 120 180 0.0 1 
14 120 165 0.0 1 
14 120 150 0.0 1 
14 120 135 0.0 1 
17 105 150 0.0 1 
17 105 165 0.0 1 
17 105 180 0.0 1 
17 135 165 0.0 1 
17 150 165 0.0 1 
17 165 165 0.0 1 
17 135 150 0.0 1 
20 135 135 0.0 1 
14 135 120 0.0 0 
15 150 120 0.0 3 
15 150 135 0.0 1 
17 165 120 0.0 1 
17 165 150 0.0 1 
17 150 150 0.0 1 
13 180 135 0.0 1 
14 165 135 0.0 2 
14 180 150 0.0 3 
14 180 165 0.0 3 
14 180 120 0.0 3 
14 165 90 0.0 3 
22 180 45 0.0 3 
22 180 75 0.0 3 
16 180 105 0.0 3 
15 165 105 0.0 1 
17 195 120 0.0 1 
14 195 105 0.0 2 
14 210 90 0.0 3 
14 210 75 0.0 3 
14 210 60 0.0 3 
14 210 45 0.0 3 
15 210 30 0.0 3 
16 165 45 0.0 2 
15 165 30 0.0 0 
14 180 30 0.0 0 
14 195 30 0.0 0 
17 165 15 0.0 0 
17 180 15 0.0 0 
17 195 15 0.0 0 
17 210 15 0.0 0 
17 225 30 0.0 0 
17 195 165 0.0 0 
17 195 150 0.0 0 
17 180 195 0.0 0 
16 180 180 0.0 1 
14 120 285 0.0 2 
14 135 285 0.0 2 
14 150 285 0.0 2 
14 165 285 0.0 2 
19 150 300 0.0 2 
19 120 300 0.0 2 
19 0 330 0.0 0 
19 0 360 0.0 0 
19 60 330 0.0 0 
19 90 330 0.0 0 
19 120 330 0.0 0 
19 150 330 0.0 0 
19 0 390 0.0 0 
19 0 420 0.0 0 
19 0 450 0.0 0 
14 30 345 0.0 3 
14 45 345 0.0 1 
13 45 360 0.0 1 
13 45 375 0.0 1 
16 30 375 0.0 0 
16 30 360 0.0 0 
14 60 360 0.0 0 
14 75 360 0.0 0 
14 90 360 0.0 0 
14 105 360 0.0 0 
14 120 360 0.0 0 
14 135 360 0.0 0 
14 150 360 0.0 0 
14 165 360 0.0 0 
18 105 375 0.0 0 
14 90 375 0.0 0 
14 75 375 0.0 0 
14 60 375 0.0 0 
14 45 390 0.0 1 
14 45 405 0.0 1 
14 45 420 0.0 1 
14 45 435 0.0 1 
14 30 435 0.0 3 
14 30 420 0.0 3 
14 30 405 0.0 3 
14 30 390 0.0 3 
13 45 450 0.0 3 
13 45 465 0.0 3 
16 30 465 0.0 0 
16 30 450 0.0 0 
19 60 420 0.0 0 
19 60 390 0.0 0 
19 90 390 0.0 0 
19 120 390 0.0 0 
19 150 390 0.0 0 
19 150 420 0.0 0 
19 120 420 0.0 0 
19 90 420 0.0 0 
14 135 375 0.0 2 
14 150 375 0.0 2 
14 165 375 0.0 2 
13 180 360 0.0 2 
13 180 375 0.0 2 
13 195 375 0.0 2 
13 195 360 0.0 2 
14 195 345 0.0 1 
14 195 330 0.0 1 
14 195 315 0.0 1 
14 195 300 0.0 1 
14 180 300 0.0 3 
14 180 315 0.0 3 
14 180 330 0.0 3 
14 180 345 0.0 3 
14 180 390 0.0 3 
14 180 405 0.0 3 
14 180 420 0.0 3 
14 180 435 0.0 3 
14 195 435 0.0 1 
14 195 420 0.0 1 
14 195 405 0.0 1 
14 195 390 0.0 1 
14 165 450 0.0 0 
14 150 450 0.0 0 
14 135 450 0.0 0 
14 120 450 0.0 0 
14 105 450 0.0 0 
14 90 450 0.0 0 
14 75 450 0.0 0 
14 60 450 0.0 0 
14 60 465 0.0 2 
14 75 465 0.0 2 
14 90 465 0.0 2 
14 105 465 0.0 2 
14 120 465 0.0 2 
14 135 465 0.0 2 
14 150 465 0.0 2 
14 165 465 0.0 2 
19 0 480 0.0 2 
19 0 510 0.0 2 
19 0 540 0.0 2 
19 0 570 0.0 2 
19 30 570 0.0 2 
19 60 570 0.0 2 
19 90 570 0.0 2 
19 120 570 0.0 2 
19 60 480 0.0 2 
19 90 480 0.0 2 
19 120 480 0.0 2 
19 150 480 0.0 2 
19 150 510 0.0 2 
19 120 510 0.0 2 
19 90 510 0.0 2 
19 60 510 0.0 2 
14 45 525 0.0 1 
14 45 510 0.0 1 
14 45 495 0.0 1 
14 45 480 0.0 1 
14 30 480 0.0 3 
14 30 495 0.0 3 
14 30 510 0.0 3 
14 30 525 0.0 3 
15 30 555 0.0 1 
15 45 540 0.0 1 
14 30 540 0.0 1 
14 45 555 0.0 2 
14 60 555 0.0 2 
14 75 555 0.0 2 
14 90 555 0.0 0 
14 105 555 0.0 0 
14 120 555 0.0 0 
14 135 555 0.0 0 
14 150 555 0.0 0 
14 165 555 0.0 0 
14 165 540 0.0 0 
14 150 540 0.0 0 
14 135 540 0.0 0 
14 120 540 0.0 0 
14 105 540 0.0 0 
14 90 540 0.0 0 
14 75 540 0.0 0 
14 60 540 0.0 0 
19 180 570 0.0 0 
19 150 570 0.0 0 
16 195 555 0.0 1 
16 180 555 0.0 1 
13 180 540 0.0 1 
13 195 540 0.0 1 
14 195 525 0.0 1 
14 195 510 0.0 1 
14 195 495 0.0 1 
14 195 480 0.0 1 
14 180 480 0.0 3 
14 180 495 0.0 3 
14 180 510 0.0 3 
14 180 525 0.0 3 
13 195 465 0.0 3 
13 180 465 0.0 3 
13 180 450 0.0 3 
13 195 450 0.0 3 
19 210 330 0.0 3 
19 210 300 0.0 3 
19 240 300 0.0 3 
19 270 300 0.0 3 
19 300 300 0.0 3 
19 300 330 0.0 3 
19 270 330 0.0 3 
19 240 330 0.0 3 
19 210 390 0.0 3 
19 240 390 0.0 3 
19 270 390 0.0 3 
19 300 390 0.0 3 
19 300 420 0.0 3 
19 270 420 0.0 3 
19 240 420 0.0 3 
19 210 420 0.0 3 
19 210 480 0.0 3 
19 210 510 0.0 3 
19 240 510 0.0 3 
19 270 510 0.0 3 
19 300 510 0.0 3 
19 300 480 0.0 3 
19 270 480 0.0 3 
19 240 480 0.0 3 
19 210 570 0.0 3 
19 240 570 0.0 3 
19 270 570 0.0 3 
19 300 570 0.0 3 
19 360 570 0.0 3 
19 360 540 0.0 3 
19 360 510 0.0 3 
19 360 480 0.0 3 
18 270 540 0.0 0 
14 255 540 0.0 0 
14 240 540 0.0 0 
14 225 540 0.0 0 
14 210 540 0.0 2 
14 210 555 0.0 0 
14 225 555 0.0 0 
14 255 555 0.0 0 
14 240 555 0.0 0 
14 270 555 0.0 0 
14 285 555 0.0 0 
14 300 555 0.0 0 
14 315 555 0.0 0 
14 315 540 0.0 2 
14 300 540 0.0 2 
14 330 525 0.0 3 
14 330 510 0.0 3 
14 330 495 0.0 3 
14 330 480 0.0 3 
14 345 480 0.0 3 
14 345 495 0.0 3 
14 345 510 0.0 3 
14 345 525 0.0 3 
15 345 555 0.0 2 
15 330 540 0.0 2 
14 330 555 0.0 2 
14 345 540 0.0 3 
19 330 570 0.0 3 
14 210 465 0.0 0 
14 225 465 0.0 0 
14 240 465 0.0 0 
14 255 465 0.0 0 
14 270 465 0.0 0 
14 285 465 0.0 0 
14 300 465 0.0 0 
14 315 465 0.0 0 
14 315 450 0.0 2 
14 300 450 0.0 2 
14 285 450 0.0 2 
14 270 450 0.0 2 
14 255 450 0.0 2 
14 240 450 0.0 2 
14 225 450 0.0 2 
14 210 450 0.0 2 
14 210 375 0.0 2 
14 225 375 0.0 2 
14 240 375 0.0 2 
14 255 375 0.0 2 
14 270 375 0.0 2 
14 285 375 0.0 0 
14 300 375 0.0 0 
14 315 375 0.0 0 
14 315 360 0.0 0 
14 300 360 0.0 0 
14 285 360 0.0 0 
14 270 360 0.0 0 
14 255 360 0.0 0 
14 240 360 0.0 0 
14 225 360 0.0 0 
14 210 360 0.0 0 
15 210 105 0.0 2 
17 210 120 0.0 2 
17 225 120 0.0 2 
17 225 105 0.0 2 
14 195 135 0.0 2 
14 210 135 0.0 2 
17 240 120 0.0 3 
17 255 120 0.0 3 
14 255 150 0.0 3 
14 225 150 0.0 3 
14 240 165 0.0 0 
20 240 150 0.0 0 
17 210 150 0.0 0 
17 210 165 0.0 0 
16 225 165 0.0 0 
15 255 165 0.0 2 
17 255 180 0.0 2 
17 240 180 0.0 2 
15 225 180 0.0 2 
14 195 180 0.0 2 
16 210 180 0.0 3 
14 210 195 0.0 3 
14 210 210 0.0 3 
16 210 225 0.0 0 
14 225 225 0.0 0 
15 240 225 0.0 3 
15 225 240 0.0 3 
15 210 240 0.0 1 
14 240 240 0.0 1 
14 240 255 0.0 1 
14 225 255 0.0 1 
17 210 255 0.0 1 
17 195 255 0.0 1 
17 180 255 0.0 1 
17 255 255 0.0 1 
17 255 240 0.0 1 
17 255 225 0.0 1 
17 255 210 0.0 1 
17 240 210 0.0 1 
17 225 210 0.0 1 
17 225 195 0.0 1 
17 195 195 0.0 1 
17 195 210 0.0 1 
22 180 225 0.0 1 
17 180 210 0.0 1 
16 180 270 0.0 3 
16 195 270 0.0 3 
13 195 285 0.0 3 
13 180 285 0.0 3 
14 210 285 0.0 0 
16 225 285 0.0 1 
16 240 285 0.0 1 
13 240 270 0.0 1 
13 225 270 0.0 1 
14 210 270 0.0 2 
17 285 75 0.0 2 
17 300 75 0.0 2 
17 270 105 0.0 2 
17 270 120 0.0 2 
14 270 135 0.0 2 
17 270 150 0.0 2 
17 270 165 0.0 2 
15 285 90 0.0 0 
14 300 90 0.0 0 
14 315 90 0.0 0 
22 315 60 0.0 0 
22 345 60 0.0 0 
22 315 105 0.0 0 
22 345 105 0.0 0 
17 300 60 0.0 0 
17 300 45 0.0 0 
17 315 45 0.0 0 
17 330 45 0.0 0 
17 345 45 0.0 0 
17 360 45 0.0 0 
14 360 90 0.0 0 
14 345 90 0.0 0 
14 330 90 0.0 2 
14 375 105 0.0 3 
14 375 120 0.0 3 
14 390 90 0.0 0 
14 405 90 0.0 0 
14 420 90 0.0 0 
14 435 90 0.0 0 
16 375 90 0.0 3 
22 375 60 0.0 3 
22 375 30 0.0 3 
22 435 60 0.0 3 
22 435 30 0.0 0 
22 405 30 0.0 1 
22 405 60 0.0 2 
15 450 90 0.0 3 
22 420 105 0.0 3 
22 390 105 0.0 3 
17 390 135 0.0 3 
17 405 135 0.0 3 
17 420 135 0.0 3 
17 435 135 0.0 3 
17 435 150 0.0 3 
17 420 150 0.0 3 
17 405 150 0.0 3 
17 390 150 0.0 3 
17 360 30 0.0 3 
17 360 15 0.0 3 
17 375 15 0.0 3 
17 390 15 0.0 3 
17 405 15 0.0 3 
17 420 15 0.0 3 
17 435 15 0.0 3 
17 450 15 0.0 3 
22 465 60 0.0 2 
22 495 60 0.0 3 
22 495 30 0.0 0 
22 465 30 0.0 1 
17 465 15 0.0 1 
17 480 15 0.0 1 
17 495 15 0.0 1 
17 510 15 0.0 1 
17 525 15 0.0 1 
17 525 30 0.0 1 
17 525 45 0.0 1 
17 525 60 0.0 1 
17 525 75 0.0 1 
17 525 90 0.0 1 
17 525 105 0.0 1 
17 525 120 0.0 1 
22 465 90 0.0 1 
22 465 120 0.0 2 
22 495 120 0.0 3 
22 495 90 0.0 0 
14 450 105 0.0 1 
14 450 120 0.0 1 
14 450 135 0.0 1 
14 450 150 0.0 1 
16 450 165 0.0 2 
14 435 165 0.0 2 
14 420 165 0.0 2 
14 405 165 0.0 2 
14 390 165 0.0 2 
22 465 150 0.0 2 
22 495 150 0.0 2 
22 495 180 0.0 2 
22 465 180 0.0 2 
22 420 180 0.0 2 
22 390 180 0.0 2 
17 390 210 0.0 2 
17 390 225 0.0 2 
17 405 225 0.0 2 
17 405 210 0.0 2 
17 420 210 0.0 2 
17 435 210 0.0 2 
17 435 225 0.0 2 
17 420 225 0.0 2 
14 450 180 0.0 3 
14 450 195 0.0 3 
14 450 210 0.0 3 
14 450 225 0.0 3 
22 465 210 0.0 3 
22 495 210 0.0 3 
17 525 225 0.0 3 
17 525 210 0.0 3 
17 525 195 0.0 3 
17 525 180 0.0 3 
17 525 165 0.0 3 
17 525 150 0.0 3 
17 525 135 0.0 3 
14 285 105 0.0 3 
14 285 120 0.0 3 
17 300 120 0.0 3 
17 300 105 0.0 3 
17 300 135 0.0 3 
17 300 150 0.0 3 
22 315 135 0.0 3 
22 345 135 0.0 3 
14 375 135 0.0 3 
14 375 150 0.0 3 
13 375 165 0.0 3 
14 360 165 0.0 0 
14 345 165 0.0 0 
14 330 165 0.0 0 
14 315 165 0.0 0 
14 300 165 0.0 0 
16 285 165 0.0 0 
14 285 150 0.0 1 
16 285 135 0.0 2 
13 345 465 0.0 0 
13 330 465 0.0 0 
13 330 450 0.0 0 
13 345 450 0.0 0 
19 360 420 0.0 0 
19 360 390 0.0 0 
19 360 330 0.0 0 
19 360 300 0.0 0 
17 270 255 0.0 0 
17 285 255 0.0 0 
17 300 255 0.0 0 
17 315 255 0.0 0 
17 330 255 0.0 0 
17 345 255 0.0 0 
19 360 270 0.0 0 
19 360 360 0.0 0 
17 360 255 0.0 0 
17 375 255 0.0 0 
22 345 180 0.0 0 
22 315 180 0.0 1 
22 315 210 0.0 2 
22 345 210 0.0 3 
20 300 180 0.0 3 
14 285 180 0.0 3 
15 285 195 0.0 1 
15 300 195 0.0 3 
14 300 210 0.0 3 
14 300 225 0.0 3 
14 315 240 0.0 2 
15 300 240 0.0 1 
22 270 210 0.0 1 
17 270 195 0.0 1 
17 270 180 0.0 1 
17 270 240 0.0 1 
17 285 240 0.0 1 
14 330 240 0.0 2 
14 345 240 0.0 2 
14 360 240 0.0 2 
16 375 240 0.0 1 
14 375 225 0.0 1 
14 375 210 0.0 1 
14 375 195 0.0 3 
14 375 180 0.0 3 
16 450 240 0.0 1 
14 435 240 0.0 2 
14 420 240 0.0 2 
14 405 240 0.0 2 
14 390 240 0.0 2 
17 390 255 0.0 2 
17 405 255 0.0 2 
17 420 255 0.0 2 
16 465 240 0.0 3 
15 480 240 0.0 3 
14 480 255 0.0 3 
14 465 255 0.0 3 
14 465 270 0.0 3 
22 435 255 0.0 3 
14 480 270 0.0 3 
14 480 285 0.0 3 
14 480 300 0.0 3 
14 480 315 0.0 3 
14 480 330 0.0 3 
14 480 345 0.0 1 
14 480 360 0.0 3 
14 480 375 0.0 3 
14 480 390 0.0 3 
14 480 405 0.0 3 
14 480 420 0.0 3 
14 465 420 0.0 1 
14 465 405 0.0 1 
14 465 390 0.0 3 
14 465 375 0.0 3 
14 465 360 0.0 3 
14 465 345 0.0 3 
14 465 330 0.0 3 
14 465 315 0.0 3 
14 465 300 0.0 3 
14 465 285 0.0 3 
22 435 285 0.0 3 
22 435 315 0.0 3 
22 435 345 0.0 3 
22 435 375 0.0 3 
22 495 240 0.0 3 
22 495 270 0.0 3 
22 495 300 0.0 3 
22 495 330 0.0 3 
22 495 360 0.0 3 
22 495 390 0.0 3 
22 495 420 0.0 3 
14 360 450 0.0 0 
14 375 450 0.0 0 
14 390 450 0.0 0 
14 405 450 0.0 0 
14 420 450 0.0 0 
14 435 450 0.0 0 
14 450 450 0.0 0 
14 435 465 0.0 2 
14 450 465 0.0 2 
14 420 465 0.0 2 
14 405 465 0.0 2 
14 390 465 0.0 2 
14 375 465 0.0 2 
14 360 465 0.0 2 
14 330 435 0.0 3 
14 330 420 0.0 3 
14 330 405 0.0 3 
14 330 390 0.0 3 
14 330 345 0.0 1 
14 330 330 0.0 1 
14 330 315 0.0 1 
14 330 300 0.0 1 
14 345 300 0.0 1 
14 345 315 0.0 1 
14 345 330 0.0 1 
14 345 345 0.0 3 
14 345 390 0.0 3 
14 345 405 0.0 3 
14 345 420 0.0 3 
14 345 435 0.0 3 
16 345 375 0.0 2 
16 345 360 0.0 2 
13 330 360 0.0 2 
13 330 375 0.0 2 
15 330 285 0.0 3 
15 345 270 0.0 3 
14 345 285 0.0 3 
14 330 270 0.0 0 
14 315 270 0.0 0 
14 300 270 0.0 0 
14 285 270 0.0 0 
14 270 270 0.0 0 
14 255 270 0.0 0 
14 255 285 0.0 0 
14 270 285 0.0 0 
14 285 285 0.0 0 
14 300 285 0.0 0 
14 315 285 0.0 0 
19 390 480 0.0 0 
19 390 510 0.0 0 
19 390 540 0.0 0 
19 390 570 0.0 0 
19 390 420 0.0 0 
19 390 300 0.0 0 
19 390 270 0.0 0 
19 390 330 0.0 0 
19 390 360 0.0 0 
19 390 390 0.0 0 
17 420 270 0.0 0 
17 420 285 0.0 0 
17 420 300 0.0 0 
17 420 315 0.0 0 
17 420 330 0.0 0 
17 420 345 0.0 0 
17 420 360 0.0 0 
17 420 375 0.0 0 
17 420 390 0.0 0 
17 420 435 0.0 0 
15 465 450 0.0 2 
15 480 465 0.0 2 
14 480 450 0.0 3 
14 480 435 0.0 3 
14 465 435 0.0 3 
14 465 465 0.0 0 
17 435 435 0.0 0 
17 450 435 0.0 0 
17 450 420 0.0 0 
17 450 405 0.0 0 
17 435 405 0.0 0 
17 525 435 0.0 0 
17 525 420 0.0 0 
17 525 405 0.0 0 
17 525 390 0.0 0 
17 525 375 0.0 0 
17 525 360 0.0 0 
17 525 345 0.0 0 
17 525 330 0.0 0 
17 525 315 0.0 0 
17 525 300 0.0 0 
17 525 285 0.0 0 
17 525 270 0.0 0 
17 525 255 0.0 0 
17 525 240 0.0 0 
17 420 480 0.0 0 
17 435 480 0.0 0 
17 450 480 0.0 0 
17 465 480 0.0 0 
17 480 480 0.0 0 
17 495 480 0.0 0 
17 510 480 0.0 0 
17 525 480 0.0 0 
17 525 465 0.0 0 
17 525 450 0.0 0 
22 495 450 0.0 0 
17 240 135 0.0 0 
15 255 135 0.0 0 
15 225 135 0.0 3 
